## X : GBDH
## 0 : 0000
## 1 : 0001
## 2 : 0010
## 3 : 0100
## 4 : 1000
## 5 : 0011
## 6 : 0110
## 7 : 0111
## 8 : 1000
## 9 : 1001
## 10: 1010
## 11: 1011
## 12: 1100
## 13: 1101
## 14: 1110
## 15: 1111
16 16
9 1 1 3 9 1 1 1 1 3 9 1 1 1 1 3
8 0 0 0 0 0 0 0 0 0 0 0 0 6 8 6
8 0 0 0 0 6 8 0 0 4 0 0 0 1 0 3
8 0 4 0 0 1 0 0 2 9 0 0 0 0 4 2
12 0 3 8 0 0 0 0 0 0 0 0 0 0 3 10
9 4 0 0 0 0 2 12 0 0 0 0 0 0 0 2
10 9 0 0 0 0 0 5 4 0 0 2 12 0 0 2
8 0 0 0 0 0 2 9 3 8 0 0 1 0 0 2
8 0 0 0 0 0 2 12 6 8 0 0 0 0 0 2
8 0 0 2 12 0 4 1 1 0 0 0 2 12 0 2
12 0 0 0 1 2 9 0 0 0 0 0 0 1 0 2
9 0 0 0 0 0 0 4 0 6 8 0 0 0 0 6
8 4 0 0 0 0 0 3 8 1 0 0 0 0 4 3
8 3 8 0 0 0 0 0 0 0 4 0 0 0 3 10
8 0 0 6 8 0 0 0 0 2 9 0 0 0 0 2
12 4 4 5 6 12 4 4 4 4 4 6 12 4 4 6
END